MEAN_TROPICAL_YEAR <- 365.242189
MEAN_SIDEREAL_YEAR <- 365.25636
MEAN_SYNODIC_MONTH <- 29.530588861


SPRING <- 0
SUMMER <- 90
AUTUMN <- 180
WINTER <- 270
